version https://git-lfs.github.com/spec/v1
oid sha256:0784ddb52e7d11adfb23fb98f5bbe9adaa0b86f7693f37f41e03065ef673999f
size 92845
